0
12
29
57
85
133
600
1200
2000
3200
6639
8344
10280
12455
14878
17556
20496
23705
27188
30954
35008
39355
44002
48955
54218
59797
65698
72925
78483
85379
92613
100195
108126
116412
125057
134066
143442
153190
163314
173818
184706
195981
207648
219711
232172
245037
258308
271989
286084
300596
315529
330885
346669
362884
379532
396618
414145
432115
450531
469398
488718
508494
528729
549426
570588
592218
614319
636894
659946
683477
707490
731988
756975
782451
808422
834888
861852
889319
917289
945765
974751
1004248
1034260
1064788
1095836
1127406
1159499
1192120
1225269
1258951
1293166
1327918
1363208
1399039
1435414
1472335
1509804
1547823
1586395
1625522
1665206
1705450
1746255
1787625
1829560
1872064
1915138
1958785
2003007
2047806
2093183
2139142
2185685
2232812
2280528
2328833
2377729
2427219
2477305
2527989
2579272
2631158
2683647
2736742
2790444
2844757
2899681
2955218
3011372
3068143
3125533
3183545
3242180
3301440
3361327
3421844
3482991
3544771
3607185
3670236
3733925
3798254
3863225
3928840
3995100
4062007
4129564
4197772
4266632
4336147
4406318
4477147
4548635
4620785
4693599
4767077
4841222
4916036
4991519
5067675
5144503
5222007
5300188
5379048
5458588
5538809
5619714
5701305
5783582
5866548
5950203
6034551
6119592
6205328
6291761
6378892
6466722
6555255
6644490
6734430
6825076
6916429
7008492
7101266
7194753
7288953
7383869
7479502
7575854
7672926
7770720
7869237
7968479
8068447
8169142
8270567
8372723
8475611
8579233
8683590
8788684
8894517
9001088
9108401
9216457
9325257
9434802
9545095
9656136
9767926
9880468
9993763
10107812
10222617
10338179
10454499
10571579
10689421
10808025
10927393
11047527
11168428
11290097
11412536
11535746
11659728
11784484
11910016
12036324
12163409
12291275
12419921
12549349
12679560
12810556
12942338
13074908
13208266
13342415
13477355
13613087
13749614
13886936
14025055
14163972
14303688
14444205
14585524
14727646
14870573
15014305
15158845
15304193
15450351
15597320
15745101
15893696
16043106
16193332
16344375
16496236
16648918
16802421
16956746
17111895
17267869
17424670
17582297
17740753
17900040
18060157
18221107
18382890
18545508
18708963
18873254
19038384
19204354
19371165
19538818
19707314
19876655
20046842
20217876
20389757
20562489
20736071
20910504
21085791
21261932
21438928
21616781
21795491
21975060
22155490
22336780
22518933
22701950
22885831
23070578
23256192
23442675
23630026
23818249
24007343
24197310
24388151
24579866
24772459
24965928
25160277
25355504
25551613
25748604
25946477
26145235
26344879
26545408
26746826
26949132
27152327
27356414
27561393
27767265
27974031
28181672
28390250
28599706
28810060
29021314
29233469
29446526
29660486
29875350
30091139
30307794
30525377
30743869
30963270
31183581
31404805
31626941
31849991
32073956
32298837
32524635
32751351
32978986
33207542
33437019
33667418
33898741
34130988
34364161
34598261
34833288
35069244
35306129
35543945
35782693
36022374
36262989
36504539
36747025
36990448
37234803
37480109
37726349
37973530
38221653
38470719
38720730
38971685
39223568
39476438
39730235
39984902
40240679
40497328
40754929
41013483
41272991
41533455
41794075
42057252
42320589
42584883
42850139
43116354
43383534
43651677
43920783
44190855
44461893
44733899
45006872
45280815
45555728
45831613
46204265
46495039
46787574
47081907
47378070
47676099
47976024
48277878
48581689
48887489
49195304
49505163
49817093
50131121
50447273
50765573
51086048
51408721
51733617
52060759
52390169
52721872
53055889
53392243
53730956
54072047
54415539
54761454
55109811
55460629
55813932
56169736
56528062
56888930
57252358
57619665
57986973
58358195
58732053
59108564
59487746
59869617
60254194
60641494
61031537
61424338
61819914
62218283
62627787
63023463
63430309
63840012
64252589
64668056
65086431
65507727
65931961
66359148
66789305
67222445
67658585
68097738
68539922
68985150
69433438
69884799
70339249
70796801
71257472
71721276
72188224
72658334
73131619
73608091
74087767
74570659
75056780
75546146
76038770
76534664
77033844
77536321
78042109
78551222
79063674
79579475
80098642
80621185
81147118
81676454
82209206
82745387
83285008
83828083
84374625
84924646
85478157
86035173
86595705
87159766
87727367
88298521
88873240
89451536
90033421
90618908
91208006
91800731
92397092
92997102
93600772
94208114
94819139
95433861
96052289
96674435
97300311
97929929
98563298
99200432
99841341
100486037
101134530
101786833
102442955
103102908
103766705
104434354
105105867
105781255
106460531
107143702
107830782
108521780
109216706
109915575
110618392
111325172
112035924
112750658
113469385
114192116
114918862
115649631
116384436
117123287
117866193
118613164
119364213
120119349
120878581
121641920
122409377
123180961
123956683
124736551
125520579
126308773
127101145
127897705
128698462
129503427
130312609
131126018
131943665
132765558
133591708
134422124
135256817
136095795
136939068
137786647
138638541
139494758
140355311
141220206
142089454
142963064
143841047
144723410
145610165
146501320
147396884
148296867
149201279
150110128
151023424
151941176
152863393
153790085
154721260
155656929
156597099
157541782
158490983
159444715
160402985
161365802
162333177
163305116
164281630
165262728
166248418
167238709
168233611
169231100
170237280
171246065
172259497
173277582
174300330
175327751
176359853
177396643
178438133
179484329
180535241
181590876
182651245
183716355
184786215
185860834
186940220
188024381
189113327
190207066
191305606
192408955
193517123
194630119
195747948
196870621
197998146
199130532
200267785
201409917
202556933
203708842
204865655
206027376
207194016
208365584
209542086
210723531
211909927
213101283
214297606
215498906
216705190
217916465
219132741
220354024
221580325
222811650
224048007
225289405
226535852
227787354
229043922
230305562
231572283
232844092
234120997
235403007
236690129
237982371
239279741
240582247
241889897
243202697
244520657
245843785
247172088
248505574
249844250
251188123
252537204
253891498
255251013
256615758
257985740
259360966
260741444
262127183
263518188
264914469
266316034
267722888
269135040
270552498
271975269
273403361
274836781
276275537
277719637
279169086
280623895
282084069
283549616
285020544
286496861
287978573
289465688
290958214
292456157
293956527
295468328
296982570
298502259
300027403
301558008
303094084
304635637
306182673
307735200
309293227
310856759
312425805
314000370
315580463
317166093
318757263
320353983
321956260
323564100
325177511
326796500
328421075
330051241
331687009
333328382
334975369
336627976
338286212
339950083
341619596
343294759
344975577
346662059
348354211
350052041
351755555
353464761
355179665
356900275
358626597
360358637
362096406
363839906
365589147
367344136
369104878
370871382
372643653
374421700
376205528
377995145
379790556
381591772
383398795
385211635
387030297
388854790
390685119
392521291
394363313
396212192
398064936
399924549
401790040
403661415
405538680
407421843
409310909
411205888
413106784
415013603
416926356
418845044
420769678
422700262
424636804
426579311
428527789
430482244
432442685
434409115
436381543
438359976
440344420
442334880
444331365
446333880
448342433
450357030
452377676
454404379
456437146
458475982
460520894
462571891
464628976
466692156
468761440
470836832
472918339
475005969
477099726
479199618
481305652
483417833
485536168
487660664
489791327
491928162
494071177
496220379
498375773
500537366
502705164
504879173
507059401
509245853
511438535
513637455
515842618
518054031
520271699
522495630
524725829
526962303
529205058
531454101
533709438
535971074
538239016
540513271
542793846
545080745
547373974
549673542
551979453
554291714
556610331
558935310
561266659
563604381
565948485
568298975
570655859
573019141
575388830
577764930
580147448
582536390
584931762
587333570
589741820
592156519
594577672
596987286
599439367
601879921
604326953
606780470
609240479
611706984
614179991
616659510
619145543
621638097
624137179
626642793
629154948
631673647
634198897
636730705
639269077
641814018
644365533
646923631
649488315
652059594
654637470
657221952
659813046
662410755
665015088
667626050
670243648
672867885
675498769
678136305
680780501
683431360
686088890
688753095
691423983
694101559
696785828
699476807
702351108
705236823
708141191
711073151
714042936
717061856
720142153
723296910
726539966
729885867
733349806
736947589
740695602
744610779
748710569
753012928
757536284
762299530
767321995
772623443
778224049
784144391
790405433
797028524
804035376
811448064
819289014
827580992
836347099
845610767
855395742
865726092
876626185
888120696
900234595
912993142
926421885
940546652
955393545
970988942
987359487
1004532090
1022533916
1041392389
1061135187
1081790234
1103385700
1125950000
1149511784
1174099942
1199743594
1226472093
1254315017
1283302171
1313463582
1344829498
1377430380
1411296908
1446459975
1482950685
1520800343
1560040471
1600702789
1642819221
1686421887
1731543114
1778215417
1826471511
1876344301
1927866884
1981072549
2035994768
2092667204
2151123699
2211398286
2273525174
2337538752
2403473589
2471364435
2541246210
2613154010
2687123106
2763188942
2841387129
2921753449
3004323854
3089134463
3176221556
3265621583
3357371154
3451507046
3548066192
3647085688
3748602789
3852654907
3959279250
4068514634
4180397850
4294967295
4412261161
4532317786
4655175663
4780873435
4909449895
5040943982
5175394786
5312841543
5453323633
5596880584
5743552066
5893377896
6046398032
6202652571
6362181756
6525025970
6691225733
6860821705
7033854686
7210365612
7390395557
7573985730
7761177475
7952012274
8146531740
8344777621
8546791796
8752616279
8962293215
9175864877
9393373673
9614862134
9840372927
10069948845
10303632809
10541467864
10783497187
11029764078
11280311964
11535184397
11794425051
12058077727
12326186350
12598794963
12875947738
13157688962
13444063050
13735114532
14030888063
14331428416
14636779760
14946989270
15262099912
15582157655
15907207863
16237296019
16572467719
16912768677
17258244725
17608941806
17964905982
18326183424
18692820420
19064863372
19442358794
19825353312
20213893666
20608026705
21007799390
21413258806
21824452105
22241426610
22664229714
23092908931
23527511880
23968086293
24414680005
24867340965
25326117225
25791056945
26262208393
26739619943
27223340072
27713417365
28209900515
28712838316
29222279667
29738273574
30260869143
30790115587
31326062220
31868758459
32418253825
32974597941
33537840531
34108031419
34685220536
35269457907
35860793662
36459278031
37064961343
37677894027
38298126612
38925709723
39560694089
40203130533
40853069981
41510563451
42175662064
42848417036
43528879679
44217101404
44913133716
45617028222
46328836618
47048610697
47776402351
48512263566
49256246422
50008403090
50768785844
51537447044
52314439148
53099814707
53893626364
54695926858
55506769017
56326205765
57154290115
57991075174
58836614142
59690960309
60554167057
61426287858
62307376276
63197485966
64096670669
65004984226
65922480557
66849213678
67785237695
68730606798
69685375271
70649597486
71623327900
72606621064
73599531612
74602114269
75614423847
76636515246
77668443452
78710263537
79762030663
80823800078
81895627115
82977567193
84069675819
85172008582
86284621164
87407569324
88540908910
89684695857
90838986182
92003835986
93179301457
94365438866
95562304568
96769955000
97988446688
99217836236
100458180333
101709535752
102971959348
104245508059
105530238905
106826208989
108133475496
109452095695
110782126931
112123626636
113476652324
114841261585
116217512095
117605461609
119005167961
120416689068
121840082929
123275407619
124722721299
126182082196
127653548635
129137179012
130633031800
132141165555
133661638911
135194510581
136739839355
138297684104
139868103777
141451157400
143046904077
144655402993
146276713407
147910894656
149558006158
151218107404
152891257965
154577517487
156276945695
157989602388
159715547445
161454840819
163207542539
164973712710
166753411516
168546699211
170353636134
172174282687
174008699358
175856946705
177719085363
179595176041
181485279522
183389456667
185307768407
187240275750
189187039779
191148121648
193123582587
195113483902
197117886968
199136853236
201170444232
203218721550
205281746864
207359581918
209452288525
211559928577
213682564034
215820256933
217973069378
220141063549
222324301698
224522846146
226736759289
228966103593
231210941596
233471335908
235747349210
238039044254
240346483862
242669730930
245008848420
247363899371
249734946886
252122054145
254525284391
256944700946
259380367194
261832346594
264300702672
266785499026
269286799321
271804667295
274339166753
276890361570
279458315688
282043093124
284644757956
287263374337
289899006485
292551718689
295221575306
297908640761
300612979547
303334656225
306073735424
308830281844
311604360245
314396035467
317205372403
320032436027
322877291372
325740003539
328620637702
331519259094
334435933020
337370724852
340323700027
343294924048
346284462488
349292380981
352318745233
355363621011
358427074154
361509170563
364609976205
367729557114
370867979390
374025309195
377201612764
380396956390
383611406034
386845029324
390097891551
393370059672
396661600308
399972580146
403303065936
406653124495
410022822704
413412227505
416821405909
420250424989
423699351885
427168253795
430657197986
434166251787
437695482593
441244957860
444814745109
448404911923
452015525951
455646654902
459298366552
462970728739
466663809360
470377676381
474112397828
477868041789
481644676416
485442369924
489261190588
493101206750
496962486809
500845099231
504749112541
508674595327
512621616238
516590243990
520580547353
524592595164
528626456321
532682199782
536759894567
540859609760
544981414501
549125377995
553291569510
557480058369
561690913962
565924205738
570180003204
574458375933
578759393552
583083125756
587429642294
591799012978
596191307684
600606596342
605044948945
609506435547
613991126261
618499091260
623030400776
627585125103
632163334593
636765099658
641390490770
646039578460
650712433316
655409125992
660129727194
664874307691
669642938311
674435689940
679252633522
684093840063
688959380625
693849326330
698763748357
703702717947
708666306096
713654585059
718667625352
723705498746
728768276772
733856031019
738968833133
744106754819
749269867841
754458244017
759671955227
764911073406
770175670549
775465818706
780781589987
786123056555
791490290635
796883364510
802302350515
807747321045
813218348554
818715505549
824238864596
829788498320
835364479398
840966880568
846595774623
852251234412
857933332842
863642142873
869377737527
875140189878
880929573057
886745960253
892589424708
898460039722
904357878652
910283014911
916235521964
922215473335
928222942604
934258003404
940320729429
946411194421
952529472183
958675636572
964849761500
971051920933
977282188896
983540639465
989827346773
996142385010
1002485828416
1008857751288
1015258227983
1021687332905
1028145140516
1034631725332
1041147161928
1047691524926
1054264889008
1060867328907
1067498919415
1074159735373
1080849851679
1087569343284
1094318285194
1101096752470
1107904820226
1114742563627
1121610057897
1128507378311
1135434600197
1142391798938
1149379049971
1156396428788
1163444010929
1170521871992
1177630087627
1184768733540
1191937885485
1199137619275
1206368010770
1213629135889
1220921070602
1228243890929
1235597672946
1242982492783
1250398426618
1257845550690
1265323941281
1272833674732
1280374827434
1287947475832
1295551696423
1303187565755
1310855160432
1318554557107
1326285832485
1334049063325
1341844326439
1349671698688
1357531256987
1365423078305
1373347239658
1381303818117
1389292890806
1397314534897
1405368827618
1413455846245
1421575668109
1429728370588
1437914031116
1446132727178
1454384536306
1462669536089
1470987804165
1479339418221
1487724455999
1496142995290
1504595113936
1513080889830
1521600400919
1530153725196
1538740940708
1547362125198
1556017357878
1564706715883
1573430277817
1582188121978
1590980326719
1599806970441
1608668131594
1617563888683
1626494320258
1635459504922
1644459521330
1653494448183
1662564364236
1671669348292
1680809479204
1689984835879
1699195497267
1708441542374
1717723050253
1727040100007
1736392770791
1745781141805
1755205292304
1764665301592
1774161249018
1783693213983
1793261275941
1802865514391
1812506008882
1822182839017
1831896084440
1841645824851
1851432139998
1861255109676
1871114813730
1881011332056
1890944744598
1900915131346
1910922572344
1920967147682
1931048937500
1941168021983
1951324481370
1961518395948
1971749846050
1982018912058
1992325674404
2002670213570
2013052610082
2023472944516
2033931297501
2044427749709
2054962381862
2065535274731
2076146509134
2086796165936
2097484326056
2108211070453
2118976480140
2129780636176
2140623619669
2151505511771
2162426393688
2173386346667
2184385452010
2195423791062
2206501445217
2217618495916
2228775024648
2239971112950
2251206842407
2262482294650
2273797551327
2285152694259
2296547805125
2307982965779
2319458258088
2330973763970
2342529565386
2354125744347
2365762382910
2377439563180
2389157367309
2400915877493
2412715175978
2424555345058
2436436467070
2448358624402
2460321899485
2472326374798
2484372132870
2496459256270
2508587827620
2520757929585
2532969644880
2545223056259
2557518246531
2569855298548
2582234295207
2594655319454
2607118454277
2619623782717
2632171387854
2644761352821
2657393760791
2670068694986
2682786238675
2695546475172
2708349487836
2721195360073
2734084175335
2747016017119
2759990968970
2773009114476
2786070537272
2799175321038
2812323549501
2825515306434
2838750675653
2852029741023
2865352586451
2878719295891
2892129953344
2905584642854
2919083448512
2932626454454
2946213744859
2959845403955
2973521516013
2987242165349
3001007436326
3014817413352
3028672180876
3042571823397
3056516425456
3070506071641
3084540846583
3098620834960
3112746121491
3126916790945
3141132928133
3155394617910
3169701945179
3184054994881
3198453852010
3212898601597
3227389328725
3241926118516
3256509056137
3271138226801
3285813715767
3300535608335
3315303989851
3330118945704
3344980561329
3359888922205
3374844113855
3389846221845
3404895331786
3419991529336
3435134900190
3450325530094
3465563504835
3480848910244
3496181832195
3511562356608
3526990569448
3542466556719
3557990404471
3573562198801
3589182025845
3604849971785
3620566122848
3636330565300
3652143385456
3668004669671
3683914504346
3699872975922
3715880170887
3731936175771
3748041077145
3764194961629
3780397915882
3796650026607
3812951380550
3829302064501
3845702165293
3862151769803
3878650964950
3895199837694
3911798475043
3928446964046
3945145391791
3961893845416
3978692412095
3995541179050
4012440233544
4029389662882
4046389554413
4063439995528
4080541073662
4097692876290
4114895490933
4132149005154
4149453506555
4166809082786
4184215821533
4201673810533
4219183137558
4236743890423
4254356156994
4272020025165
4289735582887
4307502918144
4325322118965
4343193273421
4361116469626
4379091795734
4397119339945
4415199190497
4433331435673
4451516163796
4469753463233
4488043422393
4506386129725
4524781673720
4543230142913
4561731625880
4580286211239
4598893987647
4617555043808
4636269468463
4655037350399
4673858778440